time,x,y,z,phi,theta,psi,x_velocity,y_velocity,z_velocity,phi_velocity,theta_velocity,psi_velocity,rotor_speed1,rotor_speed2,rotor_speed3,rotor_speed4
0.06,8.175157493941022e-08,7.402874736267752e-07,10.00269679330161,0.0005862383813814986,6.283031194132098,0.0,9.896455687459774e-06,5.9111463328203275e-05,0.08988955043122883,0.024365073230713335,-0.008276910828273094,0.0,434.4178974734486,433.7234869924659,432.26435068168064,434.3122875900397
0.12000000000000001,5.487624572377175e-06,2.109903206847186e-05,10.009654341592036,0.0023796866465808364,6.282358339032967,0.0,0.0002250770496492662,0.0007757362911927813,0.1420229852042223,0.03912508781830735,-0.01785303140211334,0.0,421.78687785370636,420.9593007983789,420.89531699627014,422.17089892620237
0.18,3.957487363695078e-05,0.0001250599822092785,10.0205661890764,0.004133524577504488,6.281249305299198,0.0,0.0010190430632518145,0.002916491246783683,0.22169168111161636,-0.01467645046345243,-0.019776354420289705,0.0,430.18951454100954,430.0266969439957,433.02538848299685,428.47668273395226
0.23999999999999996,0.00014710928835683302,0.00038589207384429893,10.037685998680155,0.002697041889722307,6.279866267033569,0.0,0.002700591056552956,0.005671819094834731,0.34893774334025457,-0.05839103697950096,-0.03056905589741507,0.0,445.6128220606533,444.7297831887047,447.6734423117303,444.1023870587296
0.3,0.0003829826222547921,0.0007674214890904915,10.061132585875642,6.282168976613192,6.277957616270637,0.0,0.005347994138837782,0.006687526937818564,0.4325864425145831,-0.07000745903863388,-0.03441734055892034,0.0,432.21346552388826,431.88866297661554,432.09243722270907,431.109246557267
0.36000000000000004,0.0008060401162334716,0.0011371337109356559,10.087628569159909,6.27884519058906,6.275657489441073,0.0,0.008948718599351441,0.005306863178244174,0.45060400238172893,-0.03588636660284107,-0.04762251993634113,0.0,410.4874468484204,409.3132212795074,409.1310920821607,412.1545749549809
0.4200000000000001,0.0015275663830391368,0.0013467526775274047,10.119948035065347,6.276577329199588,6.273012875382648,0.0,0.01541218218474104,0.001430804211764592,0.6266271403691249,-0.04192303572712549,-0.03779282504713925,0.0,460.23361387722383,461.0097901360133,460.89802071823846,460.42010652100396
0.48000000000000015,0.0027030094763454246,0.0012650406715862005,10.163575941087998,6.273673806680659,6.270268510920198,0.0,0.02405049014229151,-0.004464700983629923,0.8275067840744558,-0.06626017187539064,-0.0705877083844382,0.0,469.85385550924605,467.30337460341394,468.9024258521651,467.00675235428093
0.5400000000000001,0.004441649030059155,0.0007761368975716735,10.217135807619885,6.269314689772967,6.265773565481201,0.0,0.0343656103450767,-0.012269610683779122,0.9577100224447161,-0.09020394958031573,-0.08539268504552379,0.0,448.15180785746367,446.9424966223666,447.68854284200137,445.7319919398745
0.6000000000000002,0.006844772444138217,-0.00023577198740594283,10.275520732146555,6.264456746964475,6.260250783838071,0.0,0.046221515337175674,-0.02192713181316698,0.9884109340660214,-0.0669899932658709,-0.1106624362986913,0.0,416.403841037839,414.17941443366266,414.3737450104347,416.40311265109807
0.6600000000000003,0.010137276102791498,-0.0019687430659918272,10.338663150521665,6.261300358130935,6.253942008832995,0.0,0.0642109155041319,-0.03620665172387577,1.1161945413813101,-0.0333044888973829,-0.09593075165462757,0.0,446.9302569321426,448.1194930474103,444.5787377549282,447.3277508462685
0.7200000000000003,0.014630963911639814,-0.0046108502589112975,10.409118721265362,6.259957306353439,6.248257837790064,0.0,0.0861719162882653,-0.052028708079004754,1.2321826445320938,-0.00652294083931108,-0.09244977344713073,0.0,443.356994780777,443.6352220588646,442.13721452905395,444.33782468196785
0.7800000000000004,0.02051100413904591,-0.008191499401727028,10.485117342013389,6.260204467596973,6.242516175761427,0.0,0.11037525195732326,-0.06732558936492773,1.3010066632674535,0.019682209434313383,-0.1031283702252199,0.0,429.2622745517028,428.34698632899403,427.3545405304234,429.5821551657362
0.8400000000000004,0.028183972683463523,-0.012802798653008327,10.570627443766753,6.26108945667645,6.236456687422262,0.0,0.14613566523285978,-0.08624588105106011,1.5489950901511567,0.002394909327886944,-0.09703078144002762,0.0,483.1389259515879,483.59045613344045,484.3105780386506,483.00861519698054
0.9000000000000005,0.0378596036420483,-0.018395966798923243,10.664881138898718,6.261667913532635,6.230819581334,0.0,0.1769179411018448,-0.10015482187384077,1.5927062452917577,0.02118952570125985,-0.08841644364398908,0.0,420.9582417583238,421.6948980975739,420.6437890647692,422.2680083281478
0.9600000000000005,0.04976328018999078,-0.024919211679485243,10.766917862023922,6.262779502061978,6.225197097041441,0.0,0.22050045848689379,-0.11713690884542718,1.8081650511662457,0.012583568580614976,-0.10723223816617786,0.0,476.08062277842595,474.63187939835484,474.89882005823523,474.23822544225254
1.0200000000000005,0.06431683554844525,-0.03240069618367251,10.880095201683242,6.263417881967168,6.218856888533029,0.0,0.26530566491840085,-0.13216303188541348,1.9641106151909322,0.006437022459199254,-0.1027182997380591,0.0,458.0915778622198,458.4409442443298,457.85254354313423,457.3631712089599
1.0800000000000005,0.08176246779525174,-0.04079006855532036,11.003591850843856,6.263670302760863,6.212951397111226,0.0,0.3168840677039748,-0.14743831167596783,2.152055500071707,-0.0006747683709118204,-0.09099032279273524,0.0,468.1239920516615,469.0278098362827,468.13195213792125,467.57819433597894
1.1400000000000006,0.10222330154868862,-0.050032257448918725,11.135355738147178,6.264318635162743,6.207228577326266,0.0,0.3656873238035231,-0.16059399411148104,2.2398569635457832,0.027262388978212662,-0.1060401482628611,0.0,438.0986975593194,436.83755213372,437.7709640108257,440.0893138002021
1.2000000000000006,0.12560828372756805,-0.06001546315137911,11.270788473926242,6.266174741428571,6.200413247065436,0.0,0.41440479793352064,-0.1720159842124545,2.2744449019866066,0.03741955595987435,-0.13629518641742105,0.0,422.2696938414909,419.6387181471752,421.3942100798017,422.27166777885134
1.2600000000000007,0.15215625963484597,-0.07066811208465051,11.409554429792237,6.268698904492469,6.192665745061905,0.0,0.4712921548461342,-0.18283310902044225,2.350855859720868,0.05003949594993151,-0.11768435458177127,0.0,434.3427557793272,435.88482907868087,435.02358366941695,436.079979396202
1.3200000000000007,0.18274681063638135,-0.08198910559756739,11.558093300950977,6.271913332057148,6.185431649987645,0.0,0.5492234607631256,-0.19413908418092254,2.5998088767649508,0.059839581925763455,-0.12706290572344547,0.0,488.6479711662895,487.93661184364686,487.5269902167083,488.2602463828341
1.3800000000000008,0.21797223773895305,-0.09388025883180758,11.719294872866277,6.276159100091244,6.177568588757001,0.0,0.6257821090280024,-0.20177974040388907,2.7730654366831726,0.0866223611400072,-0.1405286263054626,0.0,467.38602342057385,466.32036668702614,466.5060477822269,468.59602143928214
1.4400000000000008,0.25816093281172486,-0.1061376166888538,11.89261997170945,6.280954192152583,6.16933593228463,0.0,0.7147799114472175,-0.20618339877658384,3.0037221841778243,0.06108572228140855,-0.1312932760521529,0.0,484.97783879964965,485.655257075841,485.96865056937474,484.05509990080947
1.5000000000000009,0.30299377423918156,-0.11853622948547422,12.072038559282213,0.0016794851714694303,6.161632938219498,0.0,0.780294568019758,-0.2067885654535238,2.976867792827065,0.07230580555806955,-0.12312493555983199,0.0,406.38763169541505,407.10238700289904,403.8072374094133,404.8217043018467
1.560000000000001,0.3525225546637126,-0.13089080829919988,12.254996300135538,0.005996490549339484,6.153880721078236,0.0,0.8714211953585259,-0.20456346886585028,3.1211986773192892,0.07122939468695551,-0.145527191659156,0.0,462.3320329016943,460.54855972804444,460.8527315912251,460.7714318562547
1.620000000000001,0.4078850901770812,-0.1430067207455249,12.448050872071333,0.01086625713769429,6.1453536471019365,0.0,0.9749063359672029,-0.19877209289502962,3.3132295896992834,0.09593364323441747,-0.13605448727658145,0.0,476.4887559792456,477.19501559159795,475.3196175850363,477.2137679592635
1.680000000000001,0.4694006962163893,-0.1546756437826287,12.650806210228058,0.017705566446086785,6.137247293808091,0.0,1.0764079673370084,-0.18951432482221037,3.444709833523184,0.13641692975257122,-0.13327512152273896,0.0,459.62104574804164,459.82508914965223,458.3097104943074,461.52645372920995
1.740000000000001,0.5367753800037436,-0.16568578793203367,12.858708248978731,0.026318010104887435,6.129188869132124,0.0,1.1701233528156902,-0.17671293094520774,3.4850573717646265,0.15492055552299222,-0.13645279192607093,0.0,431.7276620999624,431.4422155658251,432.05798812673436,433.63484569898947
1.8000000000000012,0.6099642218736234,-0.1757551767685932,13.069267865000404,0.03593081206685689,6.1207555593144765,0.0,1.2702389944212604,-0.15805147337515899,3.5332405021522924,0.16910882209883354,-0.15036109703846315,0.0,436.25598444792496,435.0740433920194,434.6369010816508,435.8492386613989
1.8600000000000012,0.6900731539126354,-0.1843481866635499,13.287227938429137,0.04582284532969094,6.1112937961277645,0.0,1.4009912222196037,-0.12724947903512263,3.7311564250546305,0.15465664059633816,-0.1793369877829229,0.0,483.3118728584379,481.1007004010695,483.2508997720216,482.18368115773706
1.9200000000000013,0.7775365497851507,-0.19105959892358237,13.512929056387797,0.05474032740026136,6.100167072877234,0.0,1.515435223117278,-0.09560936673405455,3.7916961526975794,0.13248080303194468,-0.20186948959667017,0.0,443.02558337199514,441.1346564648823,443.39175314005973,441.58652578357993
1.9800000000000013,0.8715122949995697,-0.19587751188500258,13.739165499374264,0.06242584019264541,6.088180304768061,0.0,1.6180553253003402,-0.06436089051052665,3.7493480876151537,0.11743911604812313,-0.19590284532419922,0.0,408.8436356739471,409.3320736187629,409.72357905769536,408.40038291286885
2.0400000000000014,0.9725697268980615,-0.19846582140323868,13.966479326976364,0.06922928607803058,6.0764043690046705,0.0,1.7515873828751862,-0.02126972678512364,3.82711639785195,0.10373808055887625,-0.1969999150419452,0.0,449.2089134939921,449.0827388418226,450.2945846408094,449.19597408560776
2.1000000000000014,1.082082352323233,-0.19826795497559552,14.19940126969385,0.07497131835389581,6.064599727475583,0.0,1.899916365980239,0.028439114941563644,3.93611763189998,0.07035453270648691,-0.1962379283929502,0.0,461.28122876314,461.3051251594914,461.44889839718417,458.8128565446969
2.1600000000000015,1.19998779825425,-0.19523122170574014,14.435475913034768,0.07882518811999972,6.052504477412793,0.0,2.03123635063952,0.07311366461424312,3.9326403051024754,0.04772346898586077,-0.21528953800979891,0.0,427.2020898932633,425.5320513664068,426.7519184334473,424.8186731537312
2.2200000000000015,1.3265740385496112,-0.18925621968993064,14.673773287266942,0.08185914800282035,6.039536959712642,0.0,2.1894378549885047,0.126285960711357,4.009811777298836,0.0557167296144727,-0.21784823774981454,0.0,453.4242553902104,453.1734661833735,453.279321275249,453.92283689339195
2.2800000000000016,1.4633100380881918,-0.17990037844973877,14.918239615969481,0.08522743763941332,6.026266202567051,0.0,2.3696126158983706,0.1858468528483196,4.137983441103867,0.05696764651719053,-0.2288331950781856,0.0,471.30046940498517,470.40496104031246,471.37005771161114,471.4686681645926
2.3400000000000016,1.6101058194189326,-0.1672369240777043,15.166446017867575,0.08877529353055547,6.012526665761495,0.0,2.5246735299307335,0.23652701335397747,4.1350062706425925,0.06313839288950282,-0.2293117355744929,0.0,431.785820884743,431.6916239196226,430.5874547254248,431.11179524905106
2.4000000000000017,1.7659629276260473,-0.15162466417987333,15.412716373996046,0.09362757686265422,5.999193856423531,0.0,2.6715717213578283,0.2842047716100353,4.07368253808181,0.10304826813921511,-0.2108734751496644,0.0,411.86238605435307,413.4366547354388,410.4475353366125,413.9800743026508
2.4600000000000017,1.9322373547492717,-0.13262246433847474,15.65999669427686,0.09981624479575046,5.9867556453242905,0.0,2.8719250036122443,0.34973010053227194,4.167907478192405,0.1033360128166808,-0.20098931773037385,0.0,464.4115754685561,465.14600790249074,465.50813670219907,465.5393750910818
2.520000000000002,2.1088223305921656,-0.11020758726997411,15.906538246200066,0.10632483098421197,5.974952157860674,0.0,3.0150680976411834,0.3978730192660731,4.050055143721944,0.11715730123833165,-0.18933968218124825,0.0,394.82120147948973,395.8515158579173,394.098276702941,395.38579102771314
2.580000000000002,2.295309212995841,-0.0844257313317026,16.149555256485478,0.11361357799917027,5.963646863306323,0.0,3.2019710286446514,0.46208015032791844,4.049826254704291,0.1289550786925794,-0.18664856649485462,0.0,436.547554918951,436.7368775460008,437.05541227545564,438.0512248601174
2.640000000000002,2.4925104240951157,-0.05490267221165107,16.39044902361919,0.12101252947234453,5.953097360220461,0.0,3.3721324520655567,0.5225706729034527,3.979599356263872,0.10859736645415087,-0.16008482462941062,0.0,413.2464256176133,415.5487579197923,415.06793227727513,413.2919424692092
2.700000000000002,2.7011206286124176,-0.021269831171271483,16.630117471885725,0.12771427255680923,5.944331799861386,0.0,3.5821036356311176,0.5990363638140014,4.008531967924446,0.11726163755120067,-0.1271659498398176,0.0,448.4484665778281,451.09422241292185,448.60497418357556,449.31893205444476
2.760000000000002,2.9237401933413336,0.017534783764414395,16.875035039371184,0.13507890827466884,5.937321423361475,0.0,3.8388537800302833,0.6950674645768157,4.154011869018738,0.1319105808386572,-0.10163511307400765,0.0,486.88114544746315,488.7764551601639,488.27321942487737,489.376998616508
2.820000000000002,3.1610394352771993,0.061940347427398026,17.126285901774306,0.14262926412339194,5.930910434103911,0.0,4.071331586962299,0.7857457772274153,4.2200218481390355,0.10954221653427303,-0.12011423077340885,0.0,467.54569666787825,466.0938998489069,466.39719387507154,464.6599904714181
2.880000000000002,3.4117127048857427,0.11166174936916275,17.3796223682105,0.14993050534965136,5.9239339041492265,0.0,4.284754323169613,0.8721504646070979,4.223789399430872,0.13881693695368275,-0.10953702077179826,0.0,447.74398920076993,448.591785569968,446.3779557422281,448.77370299585505
2.940000000000002,3.6770070065094456,0.1673852217719529,17.63764680657236,0.158019549258686,5.917463092939153,0.0,4.558486752590894,0.9859731808343177,4.375443331436837,0.1253072770944279,-0.1046669620112257,0.0,496.9150063769547,497.2630466899884,497.28773233521366,496.31158476256786
3.000000000000002,3.9577670837252956,0.22966478338462576,17.901951037758895,0.16562505531752958,5.9113815213801875,0.0,4.800294716699626,1.0905702532849406,4.433596484249225,0.12951061989353882,-0.09545655088236246,0.0,471.3139445346539,472.0171003848057,469.918358208089,470.2578041687956
3.0600000000000023,4.251715449450651,0.2977655301857006,18.166150789360188,0.17369844660514833,5.905583925300149,0.0,4.998169547795951,1.180008932236551,4.372621147841976,0.14309950704060337,-0.09907388710986102,0.0,433.0400807540825,432.72736583975785,432.70803111874835,433.8677840802122
3.1200000000000023,4.558360171123451,0.37169319669319467,18.428548267733948,0.18218515923512335,5.90008903327513,0.0,5.223397971932485,1.2848551890165165,4.3731250517089935,0.13791681019453825,-0.07972582256269503,0.0,454.2981261615764,455.8401410772301,455.8844251940183,455.48810654946726
3.1800000000000024,4.878312271785832,0.4519368576623794,18.69029090125964,0.19116134807659968,5.895312635524558,0.0,5.441674023144869,1.3905449258576987,4.350935671857723,0.16625883551294257,-0.07936944729802758,0.0,449.3215222719212,449.34541241740914,448.5394100785339,450.8558278968222
3.2400000000000024,5.212236625066936,0.5390650761268007,18.952660155690285,0.20152307978856232,5.890522226901524,0.0,5.689008303181532,1.5144763943614237,4.393551097042428,0.18316960323722178,-0.08079795744906122,0.0,473.8832089295553,473.76868047518025,471.2231152674677,472.5552873962715
3.3000000000000025,5.561163605903213,0.6338795888704902,19.21779805165657,0.21385308341134213,5.885854817724269,0.0,5.941709590153385,1.6468905563342937,4.443085514600157,0.23102383036927646,-0.07236984101350716,0.0,478.05330389570923,478.6908432044769,475.20467625486083,478.89552468512784
3.3600000000000025,5.922238612515716,0.7353162957188799,19.478741861036575,0.22808199032128051,5.880992961253789,0.0,6.0943111889682156,1.7352281790472275,4.255205016930659,0.24719629255463169,-0.11036880114540443,0.0,397.8877906415631,394.3855186584208,395.12527788349985,396.67702625967104
3.4200000000000026,6.292350850608005,0.8421478079703623,19.72805736071238,0.24249831568160474,5.874583867121139,0.0,6.243070189117843,1.826716715789042,4.055406975805536,0.22053752795554563,-0.1005295642796274,0.0,390.1770176305522,391.0830119201604,392.6664320616487,390.2501518137459
3.4800000000000026,6.673790752500833,0.9559515503717982,19.97064069661102,0.2555131113736797,5.868228534080243,0.0,6.471575863769286,1.9676109104062371,4.029648335956831,0.20846495488493838,-0.11978685809454966,0.0,456.8132716620229,455.26496887199465,455.8998093863795,454.9790930892372
3.5400000000000027,7.068721381257298,1.0782496270298279,20.210976103804803,0.26770158063485816,5.861144085697482,0.0,6.6928466496865235,2.1097496966892058,3.980535694245977,0.18952614888344052,-0.1148545873159762,0.0,449.648241641783,450.0353872541262,451.12606907762785,449.6334235615603
3.6000000000000028,7.476613949005219,1.2090296167666357,20.447470298226637,0.2795618066540877,5.85393017891305,0.0,6.903647550894268,2.250257756999311,3.9017814036664653,0.21032947993634854,-0.13404125383037396,0.0,443.0289562043129,441.43474686507227,440.5966915657735,442.3516907174183
3.660000000000003,7.899071476056196,1.3495281597713433,20.683029999608376,0.2923972796235299,5.845674674687519,0.0,7.178186882365108,2.43372884216914,3.948329384372578,0.2202779362991776,-0.14584484276224832,0.0,488.52275888597956,487.62583104812194,486.3184796562904,487.1039174339167
3.720000000000003,8.33540590088833,1.4995800789646303,20.91574019405565,0.30592208867204285,5.837237234811884,0.0,7.366518021931449,2.5687208791732705,3.8080376860118763,0.23407956537740812,-0.1318300263601762,0.0,424.7823860370158,425.963367475381,424.9181997354562,426.1526603534382
3.780000000000003,8.784196641150931,1.658587088095723,21.14212236331428,0.3201585269405003,5.829858075288712,0.0,7.593155973140167,2.73226280920933,3.736850201202795,0.24298925253866457,-0.10947690433702247,0.0,452.49150403979996,454.2741964111178,451.9380348278658,452.7107388151921
3.840000000000003,9.247044683570849,1.827866464701975,21.364912053209412,0.3349059848575626,5.822932693596606,0.0,7.834927006743059,2.9111450670079875,3.68808145513524,0.2508663136575987,-0.13125332651957597,0.0,464.88514654286587,463.1635781350585,463.1836584983592,463.8605308448667
3.900000000000003,9.72443291330223,2.0080746180019764,21.584611545738092,0.3503889315222235,5.815537091948201,0.0,8.077862641077688,3.0965324413930158,3.6337154958521585,0.2694953776911641,-0.11078018460896037,0.0,463.73227258651707,465.3248085042134,465.24274444894627,466.7624757974884
3.960000000000003,10.214747827347576,2.1984607218309344,21.79776297422981,0.36696420333712965,5.80831641195657,0.0,8.265969791404054,3.250488326458219,3.470624480973955,0.2871481321459208,-0.15810279688132792,0.0,429.96447957537214,425.9195348975635,427.46937731839427,429.05124206597793
4.020000000000002,10.717261950625879,2.3988775321170515,22.002595227424536,0.38377861554922443,5.799160300729817,0.0,8.484515970700558,3.430804470251675,3.355736855848001,0.26058797296745756,-0.14341114717508072,0.0,448.63125604185655,449.80108657796643,449.7856184345029,447.70655467350554
4.080000000000001,11.234072272534167,2.61109915045465,22.20234456754577,0.3990663244010886,5.7906816638922525,0.0,8.742247567016848,3.643779780819283,3.3006988662269903,0.23955239647893545,-0.13741392516972228,0.0,474.59185476031496,475.0348780059036,475.2655022548682,473.71022412602053
4.14,11.764050738943137,2.834568868682045,22.394587673863114,0.41337175961548844,5.782859339922975,0.0,8.923746568631072,3.8057551353436034,3.1067210753695176,0.23607067707553503,-0.11909735775157115,0.0,425.1764940969808,426.72680057724483,425.54262387268983,425.30390070012004
4.199999999999998,12.307087642794809,3.069461658182083,22.578670639344313,0.42741529780352394,5.776238406455901,0.0,9.177050182696151,4.024365545228812,3.0277178824329605,0.2297064750112313,-0.09695203206322574,0.0,471.70141896569675,473.39875844408647,472.60766338446797,472.16772712188947
4.259999999999997,12.864746936596617,3.3171821914143274,22.75690270596618,0.4412624321419818,5.770116115088415,0.0,9.411158547820643,4.233340248752032,2.91200842417958,0.23285693138890073,-0.11487873460035725,0.0,463.2039738626671,461.7827820286103,462.62536244854914,462.924092272326
4.319999999999996,13.434629306783666,3.5761857851567713,22.925134418458992,0.4552461202438769,5.763225049963868,0.0,9.584859874685732,4.400556296896534,2.6951332365869805,0.23346663562444175,-0.11479589592940671,0.0,426.0835268104238,426.0782204818239,424.83584390846215,424.94496699227045
4.379999999999995,14.017028015483714,3.8469323154674644,23.08352842156895,0.4693674113839519,5.756622579917508,0.0,9.82792830924683,4.624524477212947,2.58307161360849,0.2388798647149598,-0.1019207525600935,0.0,469.1561254315007,470.1449961466366,469.3808903941315,469.85284714697127
4.439999999999993,14.613308931769762,4.13069193940118,23.23397054753675,0.48345080399673535,5.750272168965706,0.0,10.047661463669469,4.834361707135326,2.430396827527961,0.22476946797562602,-0.11512431659767532,0.0,458.3328717584821,457.27233768404477,458.2236070416519,457.1530706545502
4.499999999999992,15.22306981113869,4.427381306361515,23.37556641897549,0.49647517691177345,5.743398141479021,0.0,10.277212135841998,5.055334032105493,2.2880184027669093,0.1936442173425228,-0.11347638929302652,0.0,465.343871486877,465.4618447485441,466.48592536409853,464.09144690817493
4.559999999999991,15.844279953609972,4.735557578376018,23.505084984625647,0.507695356424974,5.736234705417935,0.0,10.42976610427375,5.217416348318716,2.0289649355685575,0.16846241783972904,-0.13510203320495914,0.0,420.45512399134157,418.5623659294895,421.15076238636453,419.00167960785984
4.6199999999999894,16.476831652593518,5.055238792375382,23.622125945442875,0.5184112931604954,5.728287992405484,0.0,10.654854625312327,5.438353663907128,1.8710549661107876,0.19358686015462856,-0.12760535291801897,0.0,463.52536492493925,464.0989992441193,463.5399469320305,465.5395449858906
4.679999999999988,17.12144286047458,5.38704285012344,23.727530464049124,0.5299720862378123,5.720521374534936,0.0,10.831984534726786,5.621755150820747,1.6416899551223931,0.19080443588278434,-0.1333954601244025,0.0,437.40222494358454,436.9038741923938,438.2148160463444,438.0201405257154
4.739999999999987,17.7769832535682,5.730115874144177,23.819490044953284,0.5412209020589289,5.711935018959824,0.0,11.01908750457713,5.813855161082238,1.4227235282113913,0.1798419820979298,-0.18294734668553037,0.0,447.01038727326323,442.93086515888405,444.30604672940325,443.4400875966499
4.799999999999986,18.442490530087973,6.083695414967039,23.896505011585027,0.5519796970249757,5.7010263981472455,0.0,11.164579647608136,5.971984197107281,1.1439179077941257,0.17823590636363654,-0.17963136865529192,0.0,420.21581289279914,420.46924172443636,420.19063943025185,420.0844079287094
4.859999999999984,19.118383653654575,6.448035491627334,23.958797220452777,0.5624888915818387,5.69026339685006,0.0,11.364915777277506,6.172188966989949,0.9312497360475309,0.1681500765943523,-0.1788926179555751,0.0,452.36701100140243,452.3960677707857,452.2192480351867,451.4346518264702
4.919999999999983,19.804988106869068,6.823293230557464,24.006520867884138,0.5723383650518503,5.679493467270644,0.0,11.521860276416152,6.336074789088435,0.6589189232377166,0.1546720083551399,-0.1807377548914035,0.0,428.15013227367365,427.96056695351984,429.31756962677025,428.19855866547323
4.979999999999982,20.50359819822856,7.210349624165573,24.040932695696913,0.5819125012439761,5.668771188626621,0.0,11.764530564908018,6.564894279375179,0.4864422000031892,0.16789424257148672,-0.17492572513452004,0.0,475.5126387399472,475.9293071645485,474.935096225907,475.9707601791457
5.0399999999999805,21.217814121582222,7.611866530736992,24.066038208577062,0.5923598919709381,5.659051632109481,0.0,12.041703394197896,6.817900050084112,0.3482661694245473,0.18431751254437315,-0.14408220801185798,0.0,494.7299955183769,496.97393726949224,493.83969139120194,495.0756698670576
